,year,Biomass Energy Production,Coal Production,Crude Oil Production,Geothermal Energy Production,Hydroelectric Power Production,Natural Gas (Dry) Production,Natural Gas Plant Liquids Production,Nuclear Electric Power Production,Solar Energy Production,Total Fossil Fuels Production,Total Primary Energy Production,Total Renewable Energy Production,Wind Energy Production,Biomass Energy Consumption,Coal Consumption,Geothermal Energy Consumption,Hydroelectric Power Consumption,Natural Gas Consumption (Excluding Supplemental Gaseous Fuels),Nuclear Electric Power Consumption,Petroleum Consumption (Excluding Biofuels),Solar Energy Consumption,Total Fossil Fuels Consumption,Total Primary Energy Consumption,Total Renewable Energy Consumption,Wind Energy Consumption,Coal Coke Net Exports,Coal Net Exports,Crude Oil Net Exports,Electricity Net Exports,Natural Gas Net Exports,"Petroleum Products, Excluding Biofuels, Net Exports",Total Energy Net Exports,"Total Petroleum, Excluding Biofuels, Net Exports"
0,1990,2.735112,22.487548,15.571185,0.062862,0.999258,18.326155,2.138298,6.10435,0.055962,58.523186,68.490245,3.862708,0.009515,2.735112,19.172635,0.062862,0.999258,19.603267,6.10435,33.499918,0.055962,72.280598,82.255545,3.862708,0.009515,-0.004778,2.704789,-12.536341,-0.007888,-1.463541,-2.757016,-14.064775,-15.293357
1,1991,2.781797,21.636424,15.700826,0.065478,0.986048,18.228736,2.265161,6.422132,0.05804,57.831148,68.154712,3.901431,0.010069,2.781797,18.99167,0.065478,0.986048,20.032958,6.422132,32.789101,0.05804,71.823417,82.213947,3.901431,0.010069,-0.009688,2.768925,-12.30761,-0.066965,-1.666051,-1.912466,-13.193856,-14.220075
2,1992,2.931678,21.694132,15.222863,0.066863,0.863536,18.3751,2.322585,6.479206,0.059819,57.614681,68.025635,3.931748,0.009852,2.931678,19.122471,0.066863,0.863536,20.713632,6.479206,33.467661,0.059819,73.338389,83.836077,3.931748,0.009852,-0.034625,2.586857,-13.065066,-0.086733,-1.940841,-1.894854,-14.435263,-14.95992
3,1993,2.908446,20.335654,14.49439,0.069883,0.957046,18.584037,2.36619,6.410499,0.061682,55.78027,66.198081,4.007312,0.010256,2.908172,19.835148,0.069883,0.957046,21.229,6.410499,33.587587,0.061682,74.678844,85.19129,4.007038,0.010256,-0.02711,1.757942,-14.541589,-0.09491,-2.254691,-1.830459,-16.991662,-16.372048
4,1994,3.027534,22.202083,14.102563,0.066207,0.887549,19.348013,2.349386,6.693877,0.06341,58.002045,68.752384,4.056461,0.011762,3.027534,19.909463,0.066207,0.887549,21.728067,6.693877,34.45342,0.06341,76.149278,87.052554,4.056461,0.011762,-0.058329,1.657055,-15.130611,-0.152937,-2.518047,-2.067552,-18.271388,-17.198162
5,1995,3.099082,22.12955,13.886754,0.059747,1.060561,19.082245,2.397846,7.075436,0.064396,57.496395,68.866415,4.294583,0.010796,3.101142,20.088727,0.059747,1.060561,22.671139,7.075436,34.341117,0.064396,77.162044,88.667979,4.296643,0.010796,-0.061061,2.081341,-15.469102,-0.133856,-2.744896,-1.354807,-17.683723,-16.823909
6,1996,3.155301,22.790148,13.722899,0.064089,1.184517,19.344268,2.480343,7.086674,0.065052,58.337658,69.904326,4.479994,0.011035,3.156806,21.001914,0.064089,1.184517,23.084647,7.086674,35.588927,0.065052,79.698299,91.403616,4.481499,0.011035,-0.022811,2.165149,-16.108175,-0.137144,-2.846955,-2.069681,-19.020702,-18.177856
7,1997,3.107908,23.309614,13.65802,0.066545,1.216219,19.393851,2.444798,6.596992,0.064172,58.806283,69.869338,4.466063,0.011219,3.10522,21.445411,0.066545,1.216219,23.222716,6.596992,36.065115,0.064172,80.779682,91.956252,4.463375,0.011219,-0.04644,2.005966,-17.647702,-0.116203,-2.904306,-1.916864,-20.625843,-19.564566
8,1998,2.92893,24.045198,13.23513,0.068209,1.103221,19.613295,2.372294,7.067809,0.063455,59.265918,70.507865,4.174139,0.010324,2.92749,21.655744,0.068209,1.103221,22.830226,7.067809,36.719796,0.063455,81.272862,92.601594,4.172699,0.010324,-0.067095,1.873585,-18.683566,-0.088224,-3.063799,-2.206446,-22.235774,-20.890012
9,1999,2.965132,23.295084,12.451046,0.06989,1.090257,19.340703,2.472965,7.610256,0.06201,57.559797,69.372654,4.202601,0.015313,2.96329,21.622544,0.06989,1.090257,22.909227,7.610256,37.732135,0.06201,82.321598,94.231538,4.20076,0.015313,-0.057692,1.297875,-18.685572,-0.098924,-3.499991,-2.43819,-23.482795,-21.123762
10,2000,3.005661,22.735478,12.358101,0.068686,0.940254,19.661529,2.551466,7.862349,0.059349,57.306574,69.261956,4.093033,0.019084,3.008227,22.579528,0.068686,0.940254,23.823977,7.862349,38.151574,0.059349,84.620442,96.69359,4.095599,0.019084,-0.065363,1.214736,-19.676342,-0.115199,-3.623402,-2.637625,-24.903597,-22.313967
11,2001,2.624162,23.54708,12.281566,0.069363,0.740271,20.165567,2.490533,8.028853,0.056968,58.484745,70.02735,3.513751,0.022988,2.622356,21.914268,0.069363,0.740271,22.772558,8.028853,38.083673,0.056968,82.799758,94.415713,3.511945,0.022988,-0.02926,0.770537,-20.304808,-0.075156,-3.691398,-2.989673,-26.321066,-23.294481
12,2002,2.705406,22.732237,12.160213,0.073188,0.90189,19.382055,2.502206,8.145429,0.055128,56.776711,68.693081,3.770941,0.035329,2.700621,21.903989,0.073188,0.90189,23.510081,8.145429,38.117422,0.055128,83.59225,95.575431,3.766156,0.035329,-0.060758,0.610202,-19.90119,-0.071595,-3.58344,-2.713711,-25.722303,-22.614901
13,2003,2.804778,22.093652,11.959568,0.076615,0.941051,19.633304,2.296059,7.959622,0.05357,55.982583,67.856392,3.914186,0.038172,2.806471,22.320928,0.076615,0.941051,22.830642,7.959622,38.707001,0.05357,83.909087,95.806493,3.915879,0.038172,-0.050515,0.491048,-21.034031,-0.021905,-3.356301,-3.02119,-26.993817,-24.055221
14,2004,2.996017,22.852099,11.550086,0.080335,0.91584,19.074254,2.407581,8.222774,0.053021,55.88402,68.200265,4.093471,0.048258,3.008073,22.466195,0.080335,0.91584,22.923061,8.222774,40.139253,0.053021,85.666271,98.033168,4.105527,0.048258,-0.137762,0.571129,-22.02549,-0.038597,-3.503197,-3.994835,-29.140891,-26.020325
15,2005,3.101186,23.185189,10.974152,0.083928,0.922336,18.556015,2.279946,8.16081,0.051939,54.995301,67.37627,4.22016,0.06077,3.11393,22.796543,0.083928,0.922336,22.565364,8.16081,40.216568,0.051939,85.622667,98.100924,4.232904,0.06077,-0.044191,0.511718,-22.02343,-0.084544,-3.714402,-4.831311,-30.197382,-26.854741
16,2006,3.211515,23.78951,10.766775,0.086406,0.986909,19.021706,2.298717,8.214626,0.054095,55.876707,68.52098,4.429647,0.090722,3.26214,22.44716,0.086406,0.986909,22.238738,8.214626,39.730512,0.054095,84.477197,97.234944,4.480272,0.090722,-0.060787,0.357523,-22.032432,-0.062849,-3.560464,-4.500731,-29.921453,-26.533163
17,2007,3.47208,23.492742,10.741447,0.091042,0.844504,19.786209,2.348716,8.458589,0.056946,56.369113,69.409818,4.582116,0.117543,3.484824,22.749466,0.091042,0.844504,23.662759,8.458589,39.367615,0.056946,85.805032,98.965112,4.594859,0.117543,-0.025191,0.597976,-21.855468,-0.106632,-3.892916,-4.039594,-29.340725,-25.895063
18,2008,3.86825,23.851368,10.613302,0.096834,0.869485,20.702884,2.359299,8.426491,0.061096,57.526852,71.037906,5.084563,0.188899,3.851392,22.387437,0.096834,0.869485,23.842953,8.426491,36.769383,0.061096,83.040546,96.646728,5.067705,0.188899,-0.040772,1.215312,-21.387666,-0.111986,-3.111772,-2.588358,-26.021185,-23.976023
19,2009,3.956617,21.623721,11.340126,0.10491,0.932995,21.13945,2.508252,8.35522,0.062525,56.611549,70.275915,5.309146,0.252099,3.940009,19.691205,0.10491,0.932995,23.41594,8.35522,34.77915,0.062525,77.862484,91.626429,5.292537,0.252099,0.023811,0.948869,-19.605863,-0.116188,-2.763135,-1.266156,-22.770134,-20.872019
20,2010,4.552532,22.038226,11.610472,0.111428,0.887813,21.805763,2.704829,8.434433,0.067853,58.15929,72.536302,5.94258,0.322953,4.505629,20.833968,0.111428,0.887813,24.574754,8.434433,35.320511,0.067853,80.723061,95.141804,5.895677,0.322953,0.006171,1.617338,-20.051994,-0.088634,-2.687256,-0.527805,-21.689737,-20.579799
21,2011,4.712436,22.221407,12.012295,0.115758,1.089639,23.40572,2.890075,8.268698,0.076126,60.529497,75.202198,6.404003,0.410043,4.616493,19.657784,0.115758,1.089639,24.954539,8.268698,34.639174,0.076126,79.262601,93.966459,6.308059,0.410043,-0.011104,2.423456,-19.495108,-0.127101,-2.036209,0.781436,-18.375263,-18.713672
22,2012,4.553559,20.676893,13.84866,0.116599,0.942532,24.610065,3.162126,8.061822,0.093797,62.297744,76.546535,6.18697,0.480484,4.516951,17.378234,0.116599,0.942532,26.088582,8.061822,33.833083,0.093797,77.303882,91.677322,6.150362,0.480484,-0.003983,2.875346,-19.096233,-0.161256,-1.582836,2.139256,-15.800794,-16.956978
23,2013,4.834795,20.001304,15.86776,0.117323,0.916345,24.859072,3.451386,8.244433,0.11965,64.179522,78.984738,6.560783,0.572669,4.861035,18.038633,0.117323,0.916345,26.805134,8.244433,34.397925,0.11965,79.22427,94.253199,6.587023,0.572669,0.017422,2.695689,-16.673078,-0.197472,-1.368874,2.716972,-12.83502,-13.956106
24,2014,5.0521,20.285705,18.610131,0.117672,0.884959,26.718073,4.005085,8.337559,0.16105,69.618994,84.792142,6.835589,0.619808,5.015522,17.997632,0.117672,0.884959,27.382833,8.337559,34.657827,0.16105,80.016732,95.334861,6.799011,0.619808,0.02156,2.18271,-15.433826,-0.181559,-1.234893,3.640754,-10.971211,-11.793072
25,2015,5.031349,17.946095,19.69731,0.117811,0.849861,28.066882,4.475993,8.336886,0.196175,70.186279,85.369092,6.845927,0.650732,5.014887,15.54887,0.117811,0.849861,28.191095,8.336886,35.368127,0.196175,79.090311,94.484143,6.829465,0.650732,0.017781,1.596337,-15.334666,-0.22748,-0.986482,4.042347,-10.891521,-11.292319
26,2016,5.131757,14.667089,18.526662,0.117498,0.913775,27.576023,4.664785,8.426753,0.250888,65.434559,81.049729,7.188417,0.774499,5.063054,14.225905,0.117498,0.913775,28.400352,8.426753,35.711903,0.250888,78.31902,94.092392,7.119713,0.774499,0.019139,1.326413,-16.153574,-0.226906,-0.725133,4.443199,-11.258879,-11.710375
27,2017,5.165713,15.625377,19.54661,0.117842,1.024736,28.289335,4.987096,8.418968,0.328623,68.448418,84.371981,7.504595,0.867681,5.044598,13.837465,0.117842,1.024736,28.055093,8.418968,36.043156,0.328623,77.907116,93.901708,7.38348,0.867681,0.028598,2.219893,-15.173044,-0.192144,0.073131,5.407039,-7.512252,-9.766005
28,2018,5.314147,15.363442,22.807907,0.11798,0.998092,31.882148,5.726973,8.438068,0.383634,75.78047,91.962733,7.744195,0.930341,5.104513,13.251532,0.11798,0.998092,31.162834,8.438068,36.89182,0.383634,81.280532,97.404845,7.534561,0.930341,0.025654,2.702479,-12.914906,-0.151684,0.679244,5.848871,-3.609618,-7.066035
29,2019,5.215002,14.255763,25.604215,0.116293,0.982225,35.187183,6.351729,8.451852,0.429747,81.39889,97.60356,7.752818,1.009551,5.056,11.315595,0.116293,0.982225,32.263692,8.451852,36.866381,0.429747,80.424546,96.603433,7.593816,1.009551,0.021122,2.16743,-8.833138,-0.13322,1.889317,5.330748,0.610341,-3.50239
30,2020,4.709773,10.703214,23.574988,0.117716,0.973355,35.062141,6.804761,8.251075,0.511315,76.145104,91.861381,7.465203,1.153045,4.54513,9.181109,0.117716,0.973355,31.640017,8.251075,32.331134,0.511315,73.139322,88.852392,7.30056,1.153045,0.012939,1.619993,-6.344911,-0.161436,2.717286,5.472844,3.47586,-0.872067
31,2021,4.913616,11.596284,23.401382,0.118007,0.858407,35.806859,7.098605,8.130913,0.626863,77.90313,93.841344,7.8073,1.290407,4.75055,10.548526,0.118007,0.858407,31.711113,8.130913,35.242737,0.626863,77.45362,93.362899,7.644234,1.290407,0.048756,1.951797,-7.347856,-0.134131,3.834322,5.099918,3.616061,-2.247938
32,2022,5.073211,12.043193,24.710492,0.118389,0.869339,37.661732,7.741902,8.06102,0.76458,82.157318,98.52568,8.307341,1.481823,4.856665,9.887939,0.118389,0.869339,33.347492,8.06102,35.31863,0.76458,78.498234,94.790665,8.090795,1.481823,0.055826,1.957273,-6.483194,-0.140615,3.866273,6.365079,5.825749,-0.118115
33,2023,5.159841,11.753677,26.843172,0.119668,0.818384,39.246465,8.389189,8.100827,0.87754,86.232503,102.759666,8.426336,1.450903,4.978079,8.166577,0.119668,0.818384,33.610657,8.100827,35.427322,0.87754,77.172259,93.582502,8.244574,1.450903,0.032298,2.317231,-5.918087,-0.064843,4.676656,6.58388,7.799082,0.665793
